file_a: /home/margotte/shap-text-gpu/out/sample0_shap_permutation.txt
file_b: /home/margotte/shap-text-gpu/out/sample0_shap.txt
n_compared: 64
mean_diff: 0.0009619589178313614
mean_abs_diff: 0.0037487677016432874
idx	token_id	token_str	shap_a	shap_b	diff	abs_diff
0	101	[CLS]	0.00011860978390489305	-0.000591866	-0.0007104757839048931	0.0007104757839048931
1	3649	whatever	-0.005685113902602877	0.000288967	0.0059740809026028775	0.0059740809026028775
2	2017	you	0.0009525093649114881	-4.65093e-05	-0.000999018664911488	0.000999018664911488
3	2079	do	-0.0026364345103502274	0.000740416	0.003376850510350227	0.003376850510350227
4	1010	,	-0.0020628300096307483	0.00021298	0.0022758100096307485	0.0022758100096307485
5	2123	don	-0.0009365156292915344	0.000208385	0.0011449006292915344	0.0011449006292915344
6	1005	'	0.00041676871478557587	0.00308031	0.0026635412852144243	0.0026635412852144243
7	1056	t	0.0007460058799811772	-0.000391097	-0.0011371028799811772	0.0011371028799811772
8	2644	stop	-0.0029318793011563165	-0.000173655	0.0027582243011563166	0.0027582243011563166
9	3666	watching	-0.004679977095552853	0.00561047	0.010290447095552853	0.010290447095552853
10	2043	when	5.920843354293278e-05	0.00216527	0.0021060615664570672	0.0021060615664570672
11	2017	you	0.0005924573966435023	-0.00031457	-0.0009070273966435024	0.0009070273966435024
12	2228	think	0.0016476506633417948	0.00270456	0.0010569093366582052	0.0010569093366582052
13	1996	the	0.0005061325750180653	-0.000688175	-0.0011943075750180652	0.0011943075750180652
14	3185	movie	0.0018637675259794509	-0.000321296	-0.002185063525979451	0.002185063525979451
15	2003	is	-0.002225492681775774	-0.000161926	0.002063566681775774	0.002063566681775774
16	2058	over	-0.0012123310672385351	-0.000721342	0.0004909890672385351	0.0004909890672385351
17	999	!	-0.00019527945135320936	-0.000402956	-0.00020767654864679063	0.00020767654864679063
18	6865	hang	-0.01538221990423543	-8.26376e-05	0.015299582304235431	0.015299582304235431
19	2105	around	0.0018306920038802283	-0.00049307	-0.0023237620038802282	0.0023237620038802282
20	2005	for	0.0020001823348658426	-0.000333726	-0.0023339083348658425	0.0023339083348658425
21	1996	the	0.0010528588401419775	-0.000667132	-0.0017199908401419775	0.0017199908401419775
22	2034	first	0.0015158836862870625	0.00561039	0.004094506313712937	0.004094506313712937
23	14108	batch	-0.007869689858385496	0.00318049	0.011050179858385495	0.011050179858385495
24	1997	of	-0.005545328238180706	0.00256884	0.008114168238180706	0.008114168238180706
25	6495	credits	0.0001342184841632843	1.76782e-05	-0.0001165402841632843	0.0001165402841632843
26	2030	or	-0.004597561966095652	-0.00126321	0.0033343519660956524	0.0033343519660956524
27	2017	you	-0.001809434433068548	-0.000217571	0.001591863433068548	0.001591863433068548
28	1005	'	0.0003434249332972935	0.00309068	0.002747255066702707	0.002747255066702707
29	2222	ll	-4.182516464165279e-05	0.00243682	0.002478645164641653	0.002478645164641653
30	2428	really	0.00262890915785517	-0.0005655	-0.00319440915785517	0.00319440915785517
31	3335	miss	-0.001433404694710459	-0.000195997	0.001237407694710459	0.001237407694710459
32	2242	something	-0.004352992932711329	0.000503597	0.004856589932711329	0.004856589932711329
33	999	!	-0.00020973810127803257	0.00043201	0.0006417481012780325	0.0006417481012780325
34	2057	we	-0.000211005232163838	-0.00073313	-0.0005221247678361621	0.0005221247678361621
35	2387	saw	0.003104965867740767	0.0026219	-0.00048306586774076723	0.00048306586774076723
36	2023	this	-0.002664439646261079	0.00331323	0.005977669646261079	0.005977669646261079
37	3185	movie	-0.0036161188036203384	-0.000937975	0.0026781438036203387	0.0026781438036203387
38	2012	at	-0.0023555627890995572	-0.000642562	0.0017130007890995573	0.0017130007890995573
39	1996	the	0.0010572815580027445	2.13979e-05	-0.0010358836580027446	0.0010358836580027446
40	28350	sava	0.0390673503279686	-0.000824478	-0.0398918283279686	0.0398918283279686
41	2532	##na	0.001234091552240508	-0.000870992	-0.002105083552240508	0.002105083552240508
42	4430	##ah	0.010211862889783723	-9.14671e-05	-0.010303329989783722	0.010303329989783722
43	2143	film	0.002376958727836609	-0.000168957	-0.002545915727836609	0.002545915727836609
44	2782	festival	9.961452867303575e-05	-0.000328507	-0.00042812152867303574	0.00042812152867303574
45	1998	and	-0.0013746023178100586	-0.000447511	0.0009270913178100585	0.0009270913178100585
46	2245	thought	-0.0005902498960494995	-0.00050925	8.099989604949947e-05	8.099989604949947e-05
47	2009	it	-0.0027869540665830883	-0.000100921	0.0026860330665830884	0.0026860330665830884
48	2001	was	-0.002105103273476873	0.00263586	0.004740963273476873	0.004740963273476873
49	1996	the	-0.002978656440973282	0.00246579	0.005444446440973282	0.005444446440973282
50	2190	best	0.004064942310963359	0.00257886	-0.0014860823109633585	0.0014860823109633585
51	1997	of	-0.002787461504340172	-0.000362594	0.002424867504340172	0.002424867504340172
52	1996	the	-0.00046696726764951436	0.00240598	0.0028729472676495144	0.0028729472676495144
53	9129	bunch	0.004170329709138189	7.85694e-05	-0.004091760309138189	0.004091760309138189
54	1012	.	0.0011075631316219056	-0.000291476	-0.0013990391316219056	0.0013990391316219056
55	2852	dr	0.005928777424352509	-0.000195734	-0.00612451142435251	0.00612451142435251
56	3240	##ey	0.0009691457131079265	0.00054926	-0.0004198857131079265	0.0004198857131079265
57	2050	##a	-0.0009114210094724383	-0.00100292	-9.149899052756174e-05	9.149899052756174e-05
58	13351	weber	-0.01794399693608284	-0.000702895	0.01724110193608284	0.01724110193608284
59	2003	is	0.00043317915073462894	-0.000254343	-0.0006875221507346289	0.0006875221507346289
60	1037	a	-0.0015509376036269324	0.00252746	0.004078397603626932	0.004078397603626932
61	8348	marvel	-0.003027750179171562	0.00308331	0.006111060179171563	0.006111060179171563
62	2428	really	-0.0018079496387924468	0.0023109	0.004118849638792447	0.004118849638792447
63	102	[SEP]	-2.786836453846523e-05	-0.000560813	-0.0005329446354615348	0.0005329446354615348
